Matriz 1
3 6 0 1 1 0 3 7 7 0 2 0 5 2 4 1 4 4 5 4 3 3 6 8 6 3 7 0 0 5 9 5 7 0 8 3 3 1 9 6 
1 5 4 4 8 1 8 1 0 2 8 5 4 4 9 0 2 1 1 6 7 9 6 2 6 8 5 0 1 3 0 4 1 3 5 6 7 7 2 4 
9 5 9 5 5 4 6 9 9 4 4 7 2 9 8 5 0 5 0 2 3 2 7 1 9 3 0 7 8 9 3 0 7 3 9 5 3 4 3 1 
2 8 8 2 3 8 8 0 6 6 0 0 3 6 3 3 4 4 6 4 0 7 2 7 4 6 7 0 4 2 8 7 6 0 8 5 6 0 4 9 
0 5 6 3 6 2 1 9 5 2 3 5 5 2 2 0 1 4 3 3 3 4 9 5 5 9 1 2 1 8 9 7 6 1 1 1 1 3 3 8 
2 0 3 2 0 9 0 3 0 9 0 2 8 6 0 1 4 9 8 4 5 0 2 5 9 0 6 3 2 9 7 8 6 3 1 4 4 4 2 6 
7 3 3 2 1 1 6 4 8 8 0 0 2 6 8 0 2 1 4 4 8 9 8 7 5 0 2 2 9 5 4 2 1 4 0 6 8 4 2 6 
1 5 1 4 2 9 6 5 9 8 3 1 3 8 9 7 3 8 3 8 3 4 2 9 3 5 5 8 5 6 3 9 9 4 1 2 1 7 7 9 
8 7 6 4 4 9 7 5 7 1 5 8 1 3 7 1 4 3 8 5 0 1 7 6 1 7 2 4 3 4 7 0 8 3 3 3 6 6 5 0 
2 5 4 2 4 2 3 4 0 3 9 9 3 3 0 0 2 8 1 8 8 8 7 8 1 1 9 0 8 6 8 2 5 2 5 4 4 9 5 1 
2 9 6 9 4 6 3 8 3 5 2 5 5 3 6 9 0 5 0 7 1 3 6 4 3 1 4 7 6 1 7 7 2 6 0 3 0 7 9 8 
8 1 0 3 0 3 7 5 5 6 9 9 8 0 2 3 1 4 6 0 4 4 6 5 7 8 4 0 8 4 0 3 6 3 7 0 1 6 0 2 
6 5 2 8 7 3 2 9 7 4 2 9 2 5 9 1 1 9 6 6 1 3 7 7 9 3 7 7 0 6 3 8 0 1 8 3 8 7 1 4 
5 3 9 6 8 2 3 7 1 3 8 8 4 4 2 7 7 2 6 8 4 7 4 4 6 4 5 1 3 7 7 3 9 2 8 3 5 5 8 5 
0 1 7 8 1 7 4 2 1 3 0 8 1 7 4 6 7 5 2 6 3 6 8 5 8 5 6 5 7 9 0 2 7 5 3 8 8 8 5 0 
3 5 9 1 8 3 0 9 5 1 9 9 6 6 5 9 4 3 9 3 9 9 4 8 6 2 1 5 3 3 2 0 0 4 9 1 9 9 1 7 
2 5 4 7 6 9 6 9 4 0 6 4 5 4 5 0 4 7 8 1 6 5 1 4 0 0 1 7 2 6 5 9 5 3 2 2 6 6 5 6 
5 6 3 6 8 4 4 7 3 6 8 9 1 5 6 7 0 2 1 2 3 7 4 0 1 9 9 6 6 0 5 9 4 2 2 9 4 7 5 2 
6 7 3 9 7 5 0 1 8 2 1 0 0 6 6 3 1 1 6 8 3 9 0 9 7 1 6 6 0 4 2 2 0 1 5 2 5 3 4 6 
8 2 3 3 2 3 6 9 8 6 2 5 2 7 6 3 5 9 6 5 1 3 3 9 7 0 7 1 9 1 4 0 3 0 6 8 5 0 7 3 
6 9 2 7 3 7 6 8 1 9 6 8 0 4 9 7 5 2 2 1 0 4 2 7 6 3 6 8 3 8 3 1 7 8 4 7 4 1 9 0 
7 9 9 3 3 7 1 6 4 1 9 5 2 0 9 8 9 3 0 3 2 1 2 5 6 7 8 1 1 6 7 0 7 7 1 4 4 0 6 5 
7 0 7 8 6 2 4 2 5 0 3 5 3 5 6 4 6 0 0 6 8 2 3 5 7 9 3 9 3 7 0 4 1 5 8 0 2 0 1 5 
4 3 3 5 4 0 8 4 4 1 3 2 6 2 1 3 4 4 3 7 3 3 4 3 7 4 0 7 2 8 8 0 0 3 5 5 1 5 6 8 
7 7 1 7 7 9 1 0 6 9 7 3 2 7 0 7 0 8 2 0 4 5 1 9 1 4 4 9 9 9 4 1 5 0 7 9 4 9 3 7 
0 5 0 4 3 1 4 5 1 8 0 4 5 2 7 5 3 5 7 3 5 1 8 0 6 2 8 5 4 5 1 1 3 9 9 2 0 6 3 2 
9 3 5 6 0 4 3 9 4 8 7 0 7 0 6 5 8 8 0 6 9 5 5 1 5 5 6 1 3 8 5 0 5 0 4 8 6 7 8 5 
2 9 8 3 6 4 7 8 4 1 4 3 3 7 3 1 6 5 6 8 2 4 0 7 2 4 9 2 2 9 5 2 3 7 7 4 0 4 7 7 
1 0 5 5 2 6 9 0 1 6 6 3 4 1 0 1 7 1 5 6 5 9 5 9 0 9 9 6 1 5 3 2 1 6 5 8 7 5 0 2 
1 0 4 5 8 9 0 3 8 4 4 5 2 5 8 8 0 3 9 4 1 3 6 9 0 1 8 8 3 9 4 5 8 2 9 0 1 7 4 7 
2 3 8 4 0 5 3 2 0 2 5 5 8 7 0 0 4 6 0 8 6 8 7 4 8 2 1 4 9 3 0 6 1 2 5 3 8 3 5 7 
8 4 6 0 4 1 1 2 1 8 8 1 7 4 6 2 1 6 7 9 6 6 9 4 6 9 5 1 9 1 9 2 2 1 2 2 2 8 1 4 
8 5 6 0 6 4 6 9 0 9 5 2 5 3 6 6 4 0 0 9 3 3 3 0 4 9 5 1 4 9 5 7 7 6 1 5 1 5 2 9 
1 0 2 1 9 0 9 7 8 5 1 5 2 9 2 3 1 4 8 3 9 5 5 7 8 7 7 5 7 8 7 7 8 5 0 5 5 0 4 8 
3 7 1 4 9 1 5 6 2 1 1 2 0 1 1 3 0 9 3 1 9 1 2 9 1 9 0 4 7 8 1 6 2 3 2 2 2 7 4 3 
0 0 7 4 6 4 6 0 2 8 4 0 6 6 8 6 4 3 7 8 5 2 7 4 0 9 4 4 9 3 1 1 0 9 6 2 1 9 0 3 
9 0 3 8 8 5 3 7 2 2 5 6 2 9 0 8 8 7 4 9 9 3 2 0 8 7 1 4 1 9 2 5 7 6 2 5 3 8 1 4 
4 5 9 1 6 7 1 1 9 1 9 4 7 2 2 9 3 3 7 6 9 6 9 1 9 1 1 4 9 0 8 1 8 7 1 4 0 4 2 0 
0 5 9 4 0 3 7 2 9 3 6 3 4 0 3 1 3 9 7 5 9 8 5 3 2 9 0 9 2 4 1 0 3 1 6 2 8 5 3 4 
9 7 7 8 7 6 0 7 1 9 7 6 2 5 3 4 4 9 2 5 2 2 2 9 1 4 9 0 5 2 6 8 4 6 6 9 4 2 4 6 

Matriz 2
7 5 4 7 6 4 9 1 3 5 7 9 5 0 5 9 9 4 7 6 6 7 2 5 8 8 3 3 2 4 8 4 1 5 6 4 6 1 1 5 
9 9 5 5 9 7 7 7 2 9 6 3 6 3 3 2 6 9 5 1 7 5 2 7 7 7 3 9 7 2 5 2 8 5 9 2 7 5 2 8 
4 4 8 0 0 5 1 9 3 4 3 3 6 4 3 9 0 9 1 5 6 9 4 8 7 3 2 5 8 9 4 3 6 9 5 2 9 3 5 2 
4 5 5 7 1 6 8 7 3 7 3 3 6 8 8 7 1 5 6 1 2 8 9 9 3 4 8 2 8 9 5 5 1 4 4 0 5 8 7 9 
8 9 5 3 6 4 1 8 9 3 0 1 5 9 3 4 6 8 7 9 7 7 5 4 9 0 4 6 6 3 8 1 3 0 4 6 7 2 0 8 
7 5 4 4 2 0 7 7 4 3 0 3 7 1 4 4 3 9 3 8 5 6 3 5 6 9 4 6 1 4 2 3 7 4 9 6 7 9 1 2 
8 4 8 7 2 1 1 2 9 1 5 5 6 6 4 5 6 5 4 8 7 4 5 9 7 5 2 6 0 7 5 7 6 8 9 8 7 7 3 9 
8 5 9 0 9 6 3 8 2 1 6 1 6 7 4 2 4 6 4 5 9 9 9 4 9 6 9 8 6 6 5 8 7 4 2 6 6 5 9 1 
7 4 7 3 2 7 8 6 1 0 3 8 8 8 5 7 1 2 8 4 6 0 8 4 9 6 5 3 0 2 7 1 3 7 0 6 7 3 2 9 
7 6 2 0 6 1 4 4 7 3 6 7 5 1 5 2 7 8 0 5 3 4 2 7 3 0 2 3 3 8 6 2 2 7 1 5 3 3 9 7 
4 4 9 6 5 4 0 8 1 0 2 8 7 0 4 1 9 9 6 7 4 6 2 1 2 7 9 9 0 4 1 7 2 4 4 1 7 6 4 4 
1 2 8 8 4 7 0 1 3 5 1 1 8 9 8 0 6 2 7 7 5 3 1 3 3 6 9 5 0 0 8 1 9 3 6 3 6 9 1 7 
3 1 5 0 2 7 8 9 4 4 6 4 6 4 8 6 9 3 7 4 9 6 2 6 1 1 2 1 3 0 9 6 9 7 7 9 6 7 4 2 
7 4 3 0 4 1 0 4 8 9 6 6 6 5 8 8 3 6 0 6 2 0 6 5 9 4 5 1 7 5 6 4 8 7 3 5 2 0 1 5 
2 7 4 0 7 8 3 5 7 1 8 5 3 9 5 6 8 6 6 6 5 9 1 1 8 8 3 9 5 3 7 9 7 2 3 9 4 9 3 5 
5 2 3 8 2 0 5 7 6 0 9 7 0 3 9 9 6 5 4 9 9 1 0 1 2 5 3 9 3 9 4 9 3 2 0 8 1 5 0 0 
1 5 2 0 2 8 9 8 4 3 4 7 5 8 3 9 6 1 4 6 0 4 4 5 5 8 4 8 2 9 9 2 8 5 4 0 9 9 0 8 
6 8 6 5 5 5 5 1 2 7 0 6 5 7 1 3 5 5 8 1 8 9 6 9 7 9 0 1 1 4 7 7 1 6 4 7 6 0 7 6 
1 6 3 1 1 4 5 4 5 0 2 5 7 5 8 3 1 6 2 3 3 3 0 9 2 8 1 6 2 7 7 5 3 7 9 0 2 5 4 2 
0 4 8 4 7 4 5 9 3 5 0 9 0 9 3 5 5 9 2 8 8 0 4 3 7 2 7 2 8 5 6 9 2 9 5 8 3 0 9 7 
5 3 2 1 8 7 9 0 1 8 7 2 0 0 0 7 8 0 0 5 0 7 5 3 6 4 3 8 3 2 7 8 4 0 2 4 2 6 0 5 
5 5 0 2 4 6 8 9 7 8 8 3 8 3 2 8 0 8 8 5 2 4 9 7 8 5 2 3 3 0 5 6 3 9 2 4 7 6 7 3 
3 5 3 0 7 5 2 1 1 9 6 7 7 9 3 3 5 5 1 7 8 2 6 8 7 2 6 6 7 1 4 8 7 1 1 8 5 5 7 1 
7 7 5 7 4 4 5 9 9 4 1 5 4 0 7 5 6 8 9 7 7 4 7 0 6 2 6 8 9 3 1 3 4 5 2 1 8 8 0 5 
3 9 6 4 8 5 0 1 3 2 4 9 0 0 5 9 6 4 6 9 9 5 5 0 0 8 7 8 6 9 8 6 9 7 2 3 6 5 0 4 
1 6 4 9 5 9 2 9 8 1 7 4 5 9 1 7 0 3 0 2 6 1 8 1 1 9 9 6 9 2 0 6 7 0 4 4 5 0 8 2 
6 0 8 0 3 3 5 6 0 3 2 7 8 3 2 8 0 4 6 0 0 2 4 0 1 2 5 3 1 2 5 4 8 6 6 3 4 3 0 5 
1 8 3 2 2 2 4 5 8 0 9 2 2 4 3 5 3 4 8 2 4 2 4 4 8 8 9 5 0 7 0 1 9 1 6 2 0 3 1 9 
4 0 2 9 6 7 0 4 8 1 2 8 7 1 1 1 3 4 9 0 2 4 0 8 5 8 2 3 0 1 8 0 6 8 2 0 0 2 6 2 
2 0 8 6 2 3 2 3 2 5 2 1 2 4 8 1 0 6 9 9 4 4 8 6 3 7 8 2 6 1 7 6 8 9 7 1 3 9 6 6 
8 2 4 1 3 6 2 3 6 2 2 8 2 2 4 4 6 5 1 2 5 1 2 0 6 6 7 9 4 1 5 7 2 1 2 2 3 5 0 6 
9 9 8 7 5 5 7 4 6 7 3 6 6 4 1 5 6 9 9 1 0 9 0 0 2 5 0 4 7 5 3 2 1 9 2 8 1 3 4 8 
5 3 8 7 1 5 7 8 2 2 4 9 2 6 9 4 1 2 0 6 4 1 2 5 1 1 1 2 6 2 5 1 9 9 5 4 8 4 7 8 
0 8 3 8 2 6 9 6 3 9 2 2 3 4 0 5 5 5 7 7 5 8 4 5 4 1 2 1 4 0 1 8 1 6 0 9 0 2 7 4 
7 2 3 9 2 6 8 3 1 2 8 9 4 6 1 6 0 2 5 3 4 4 8 6 2 5 3 2 7 0 1 1 7 7 6 3 4 7 8 5 
2 2 6 4 5 7 3 0 6 7 0 7 8 0 9 1 8 1 0 3 4 3 4 2 4 7 9 3 0 8 9 5 6 7 7 3 6 1 5 3 
4 5 6 5 2 9 6 5 6 1 6 8 5 3 4 1 8 4 7 2 6 5 0 6 5 5 4 4 5 4 7 2 4 1 7 1 8 7 9 9 
3 5 1 3 2 8 4 8 9 1 6 4 3 8 8 6 6 3 5 6 5 1 9 8 3 0 6 0 8 3 0 2 4 8 5 1 2 1 5 3 
1 4 9 0 5 8 4 5 9 0 9 8 7 8 0 5 6 5 4 7 1 8 0 6 9 0 2 4 9 5 5 6 2 3 7 7 0 5 0 7 
3 2 8 9 3 0 9 6 0 9 1 7 3 7 9 5 3 3 7 1 3 3 1 5 8 1 2 3 5 1 8 2 7 8 1 9 3 9 3 8 

Resultado 2
732 663 865 559 646 807 757 778 600 548 645 932 717 738 660 755 654 724 724 687 729 639 631 623 775 696 657 746 745 512 810 711 800 814 641 675 728 763 549 824 
674 768 818 644 715 875 669 852 757 665 695 826 787 803 667 794 777 827 750 814 760 737 709 715 792 727 756 765 751 573 823 779 843 811 710 713 804 768 677 836 
908 871 1019 806 819 962 757 915 839 689 876 1044 921 925 902 1892 0 950 929 1014 1029 876 868 952 0 2036 935 0 826 775 1033 1293 0 1029 812 888 0 873 786 988 
908 794 926 732 1298 0 856 1922 818 682 0 1295 0 780 0 1814 0 951 1582 0 804 848 0 1644 905 0 658 819 794 690 0 699 921 1033 1430 0 891 845 1174 0 
713 728 1300 0 667 0 1292 0 639 634 1166 0 734 1048 0 706 1250 0 718 729 800 680 1311 0 798 852 0 839 0 737 0 771 0 877 0 696 0 1204 0 789 
1341 0 816 551 843 0 750 742 0 646 525 871 690 609 772 737 1277 0 717 729 1412 0 575 938 0 1324 0 647 1318 0 876 742 0 1023 0 663 676 738 599 804 
1112 0 747 573 727 0 1458 0 778 685 1422 0 789 1137 0 789 781 0 790 774 747 701 673 1172 0 761 678 738 667 0 1578 0 793 1245 0 702 736 758 670 845 
1529 0 1081 841 1208 0 987 1153 1456 0 843 1132 936 1006 953 1596 0 1099 1016 1702 0 859 1157 0 1096 950 1605 0 908 817 999 0 1035 1154 813 1000 867 1531 0 1136 
791 1464 0 726 1378 0 768 962 934 0 1430 0 920 1838 0 819 791 0 1604 913 0 757 716 871 963 934 857 890 773 680 884 777 937 877 879 707 928 857 690 944 
792 698 907 0 1409 0 718 890 744 714 0 939 0 769 0 744 0 1719 0 830 790 0 1497 0 866 754 818 772 744 837 0 788 853 933 751 645 821 787 710 875 
831 872 969 718 777 868 1664 0 853 1047 0 939 863 911 815 1461 0 1013 907 849 916 863 683 848 1006 786 810 858 851 746 897 1077 0 937 714 1285 0 833 681 943 
710 673 801 768 651 809 697 783 655 518 1352 0 809 700 732 1486 0 735 1538 0 801 685 669 753 644 805 714 718 593 525 796 699 840 875 664 651 765 1421 0 734 
916 1008 1048 775 850 999 869 960 846 889 0 1568 0 1019 901 933 875 2040 0 910 1007 909 888 876 1019 992 966 897 899 772 1024 849 1006 997 838 1486 0 926 794 1086 
874 863 1527 0 790 1030 1257 0 877 720 834 2248 0 997 941 1015 875 1040 924 1060 962 1025 0 1858 0 907 936 967 960 813 1075 1710 0 1084 884 805 990 994 800 1045 
710 822 1301 0 699 966 786 963 1415 0 765 998 897 912 883 928 768 907 868 971 872 779 828 920 886 1704 0 798 849 805 1093 0 2104 0 829 723 877 887 794 942 
869 924 957 772 800 1020 906 1116 871 717 882 988 932 919 932 995 920 1012 1011 1027 1023 898 843 923 1043 948 915 1010 869 740 1012 882 1040 983 805 789 966 0 742 933 
845 868 958 678 0 1758 0 962 807 1284 0 838 894 861 800 1600 797 0 927 815 796 909 715 887 974 0 754 835 738 692 903 1214 0 1272 0 748 836 921 671 989 
1772 864 0 772 816 959 1526 0 928 677 817 976 1994 0 810 1577 0 971 873 837 839 0 852 0 1468 0 915 897 759 737 917 811 929 893 787 1080 0 1303 0 957 
727 790 827 0 729 0 805 0 1313 0 644 1680 0 709 722 1736 0 867 1670 0 721 667 703 1227 0 737 712 719 750 638 0 1302 0 828 665 616 734 748 521 890 
848 775 950 668 1542 0 762 1445 0 602 693 1088 930 789 0 854 820 864 865 832 872 790 1410 0 981 915 776 824 678 1524 0 782 898 980 750 740 0 1604 0 919 
852 926 1022 799 804 1405 0 1000 917 673 859 1000 943 843 892 1036 0 1539 0 1013 1456 0 746 852 1545 0 937 1083 0 1668 963 0 2070 961 0 788 902 984 714 1041 
763 808 1012 731 728 919 824 0 694 776 0 1428 0 929 0 1489 0 921 836 917 895 851 647 687 889 1273 0 982 772 716 923 1718 0 855 761 751 936 911 593 905 
651 754 821 733 635 796 757 851 1388 0 717 1413 0 805 671 930 661 766 828 824 755 737 742 1092 0 1081 0 787 0 648 0 1442 0 785 638 687 735 788 577 1048 
0 673 814 822 0 751 678 768 696 571 636 831 749 0 711 769 697 1231 0 770 795 1073 0 735 819 731 1522 0 681 616 0 749 789 0 669 670 676 732 575 1080 
0 846 1840 0 743 873 898 1460 0 1105 0 1138 0 1534 964 0 843 981 996 1618 0 780 832 939 988 1779 0 819 764 732 958 717 966 1027 851 702 870 866 723 1036 
618 1410 0 564 640 1512 0 723 1264 0 696 791 1048 0 646 0 695 0 709 735 731 677 640 764 0 679 661 0 647 569 775 736 833 796 633 1410 0 713 651 747 
838 801 1019 687 836 2060 0 998 1087 0 873 1120 903 971 0 1950 0 909 862 939 926 918 828 918 980 942 895 895 823 809 1084 974 967 1013 830 826 948 923 1656 973 
0 826 1041 723 725 894 848 2003 0 738 1362 0 912 1671 0 919 1337 0 891 1612 0 832 824 874 1002 1696 829 0 866 698 942 842 978 1767 0 787 876 867 696 990 
1346 0 799 1332 0 818 1586 0 799 636 648 1511 0 719 706 822 706 0 930 0 729 664 769 1538 0 774 1028 0 667 0 757 756 844 879 1202 0 829 807 718 852 
841 810 1259 0 635 805 866 0 1654 0 726 1654 0 947 928 0 1201 0 949 1321 0 743 767 831 932 819 822 827 1619 0 865 753 962 982 1371 0 789 933 0 961 
0 1458 0 671 690 838 743 845 715 740 704 0 807 720 667 806 755 851 0 1530 0 772 655 0 1023 0 702 688 742 624 885 717 880 945 697 704 771 784 1418 0 
764 798 811 628 1530 0 717 922 808 659 730 1033 818 764 731 872 849 934 752 810 882 0 936 0 1728 0 770 834 778 662 0 1591 0 913 686 738 783 685 739 782 
816 1151 0 766 802 847 807 0 1408 0 749 980 803 851 1533 0 853 1889 0 942 1692 0 697 1092 0 820 819 851 837 1152 0 877 954 1019 740 895 821 1145 0 911 
913 889 1064 791 1561 0 811 948 935 752 754 1051 926 913 889 939 1648 0 928 1735 0 799 808 844 1024 0 1750 0 823 1474 0 883 1034 1040 751 883 859 874 722 1074 
690 732 721 697 1247 0 629 1050 0 563 570 643 643 690 564 633 851 0 761 0 1108 0 668 687 761 701 634 0 890 0 1366 622 0 681 1194 0 611 603 561 1516 
0 763 726 662 637 813 723 955 852 608 707 877 775 855 709 1427 0 875 732 837 1610 0 717 1700 0 736 712 728 0 1176 0 804 833 889 665 1377 0 703 751 766 
0 1788 0 835 1556 0 892 986 828 1568 757 0 810 940 921 1010 874 920 1589 0 926 842 865 873 1870 0 936 1577 0 844 1031 918 1457 0 792 816 1734 0 754 1759 
0 813 860 670 736 912 798 1573 0 1304 0 1011 832 745 780 921 845 912 790 956 933 756 1282 0 894 882 773 917 671 687 954 857 896 1852 0 775 843 0 619 808 
680 791 1676 0 622 899 806 898 1012 0 756 862 813 837 0 817 670 1612 0 742 1295 0 1481 0 884 873 0 1442 0 647 1138 0 854 860 762 664 1676 794 0 896 
0 1714 0 865 1593 0 943 1114 0 1700 0 1104 1027 854 0 1618 0 1086 958 0 917 985 765 868 1003 927 879 1808 0 804 1033 845 915 0 829 833 1926 0 799 2092 

